
Principal Component Analysis Results

Call:
PCA(X = pca_datos[, 3:6], scale.unit = TRUE, graph = FALSE) 


Eigenvalues
                      Dim.1  Dim.2  Dim.3  Dim.4
Variance               2.65   1.06   0.29   0.00
% of var.             66.25  26.44   7.30   0.00
Cumulative % of var.  66.25  92.70 100.00 100.00

Individuals
       Dist   Dim.1   ctr  cos2   Dim.2   ctr  cos2   Dim.3   ctr  cos2  
1   |  1.11 |  0.98  1.83  0.79 | -0.44  0.91  0.16 | -0.25  1.07  0.05 |
2   |  1.88 |  1.58  4.72  0.71 | -0.84  3.37  0.20 |  0.57  5.52  0.09 |
3   |  1.97 |  1.64  5.08  0.69 | -0.88  3.68  0.20 |  0.65  7.24  0.11 |
4   |  1.85 |  1.56  4.60  0.71 | -0.83  3.27  0.20 |  0.54  4.97  0.08 |
5   |  0.91 |  0.88  1.47  0.95 | -0.16  0.13  0.03 | -0.13  0.28  0.02 |
6   |  1.51 |  1.33  3.35  0.78 | -0.68  2.20  0.20 |  0.22  0.81  0.02 |
7   |  1.69 |  1.41  3.73  0.69 | -0.81  3.12  0.23 |  0.46  3.64  0.07 |
8   |  0.64 |  0.27  0.13  0.17 |  0.20  0.18  0.09 | -0.55  5.14  0.73 |
9   |  0.75 |  0.11  0.02  0.02 |  0.42  0.83  0.31 | -0.61  6.38  0.66 |
10  |  1.00 |  0.96  1.74  0.92 | -0.24  0.28  0.06 |  0.14  0.31  0.02 |
11  |  0.77 |  0.33  0.20  0.18 | -0.03  0.00  0.00 | -0.69  8.26  0.82 |
12  |  0.73 |  0.29  0.16  0.16 |  0.43  0.89  0.36 | -0.51  4.37  0.49 |
13  |  1.77 | -0.40  0.31  0.05 |  1.72 13.97  0.94 | -0.10  0.16  0.00 |
14  |  0.65 |  0.46  0.40  0.51 |  0.44  0.90  0.46 | -0.11  0.21  0.03 |
15  |  0.96 |  0.07  0.01  0.01 |  0.79  2.97  0.68 | -0.54  4.91  0.31 |
16  |  3.51 | -3.34 21.09  0.91 | -0.94  4.22  0.07 |  0.51  4.53  0.02 |
17  |  2.25 | -0.58  0.64  0.07 |  2.16 22.00  0.92 |  0.25  1.07  0.01 |
18  |  1.20 | -0.24  0.11  0.04 |  1.15  6.30  0.93 | -0.20  0.67  0.03 |
19  |  3.89 | -3.57 24.00  0.84 |  0.94  4.14  0.06 |  1.24 26.51  0.10 |
20  |  4.52 | -3.74 26.40  0.68 | -2.37 26.63  0.28 | -0.90 13.95  0.04 |

Variables
      Dim.1   ctr  cos2   Dim.2   ctr  cos2   Dim.3   ctr  cos2  
grs |  0.93 32.73  0.87 |  0.34 10.72  0.11 | -0.14  6.54  0.02 |
grp |  0.93 32.73  0.87 |  0.34 10.72  0.11 | -0.14  6.54  0.02 |
mgt | -0.44  7.18  0.19 |  0.86 70.33  0.74 |  0.26 22.49  0.07 |
syn |  0.85 27.35  0.72 | -0.29  8.22  0.09 |  0.43 64.43  0.19 |

Correlations between variables and dimensions
NULL

Contributions of the variables
NULL
